========================================
  TRMS PITCH PID 
========================================

MPU6050 OK

Calibrating gyro - keep beam STILL...
Bias=0.71 deg/s

Initial pitch=1.07 deg
IMU settling (3s)...
  pitch=1.07
  pitch=0.95
  pitch=0.93
Settled. Final pitch=0.93 deg

Connect battery - hear beeps - press SW1
Armed.

Ramping gently to idle...
Ramping to feedforward level...
Settling under motor load (3s)...
Hold beam at desired setpoint - press SW1
Setpoint=48.74 deg

PID ACTIVE. SW2=stop.
time_ms,pitch_rel,error,m1,m2
100,3.91,-3.91,637,637
200,3.71,-3.71,694,694
300,2.76,-2.76,733,733
400,2.18,-2.18,719,719
500,1.83,-1.83,716,716
600,2.01,-2.01,695,695
700,1.33,-1.33,729,729
800,1.39,-1.39,691,691
900,1.31,-1.31,704,704
1000,1.73,-1.73,679,679
1100,2.94,-2.94,651,651
1200,3.28,-3.28,683,683
1300,3.73,-3.73,682,682
1400,3.61,-3.61,699,699
1500,3.54,-3.54,698,698
1600,3.43,-3.43,699,699
1700,3.17,-3.17,707,707
1800,2.43,-2.43,727,727
1900,1.87,-1.87,730,730
2000,2.67,-2.67,665,665
2100,2.29,-2.29,705,705
2200,2.53,-2.53,694,694
2300,2.81,-2.81,685,685
2400,2.69,-2.69,699,699
2500,2.89,-2.89,687,687
2600,2.69,-2.69,703,703
2700,3.02,-3.02,688,688
2800,3.11,-3.11,693,693
2900,2.52,-2.52,719,719
3000,2.70,-2.70,692,692
3100,2.38,-2.38,701,701
3200,2.38,-2.38,695,695
3300,2.53,-2.53,695,695
3400,2.85,-2.85,686,686
3500,2.74,-2.74,696,696
3600,3.48,-3.48,669,669
3700,3.44,-3.44,693,693
3800,3.73,-3.73,683,683
3900,3.03,-3.03,719,719
4000,2.64,-2.64,713,713
4100,2.15,-2.15,723,723
4200,2.76,-2.76,667,667
4300,3.79,-3.79,651,651
4400,3.20,-3.20,707,707
4500,2.51,-2.51,722,722
4600,2.48,-2.48,698,698
4700,2.36,-2.36,708,708
4800,2.59,-2.59,692,692
4900,2.99,-2.99,686,686
5000,3.44,-3.44,679,679
5100,3.51,-3.51,693,693
5200,3.58,-3.58,691,691
5300,3.23,-3.23,712,712
5400,2.80,-2.80,716,716
5500,3.11,-3.11,687,687
5600,3.09,-3.09,687,687
5700,2.24,-2.24,720,720
5800,2.89,-2.89,669,669
5900,2.97,-2.97,686,686
6000,2.73,-2.73,702,702
6100,3.19,-3.19,682,682
6200,3.34,-3.34,686,686
6300,3.26,-3.26,697,697
6400,2.69,-2.69,719,719
6500,2.75,-2.75,693,693
6600,2.73,-2.73,685,685
6700,2.64,-2.64,703,703
6800,3.39,-3.39,671,671
6900,3.50,-3.50,686,686
7000,3.18,-3.18,709,709
7100,2.69,-2.69,716,716
7200,2.15,-2.15,712,712
7300,0.43,0.43,783,783
7400,1.09,-1.09,684,684
7500,1.17,-1.17,701,701
7600,0.12,0.12,745,745
7700,-1.43,1.43,757,757
7800,-2.95,2.95,768,768
7900,-2.19,2.19,693,693
8000,-3.45,3.45,748,748
8100,-2.71,2.71,690,690
8200,0.91,0.91,643,643
8300,0.40,0.40,673,673
8400,2.57,-2.57,622,622
8500,4.19,-4.19,628,628
8600,6.19,-6.19,623,623
8700,6.32,-6.32,679,679
8800,5.97,-5.97,706,706
8900,4.94,-4.94,728,728
9000,2.81,-2.81,777,777
9100,0.78,0.78,776,776
9200,-1.17,1.17,761,761
9300,-3.16,3.16,785,785
9400,-1.69,1.69,655,655
9500,2.94,-2.94,630,630
9600,7.03,-7.03,620,620
9700,10.30,-10.30,620,620
9800,12.07,-12.07,623,623
9900,13.43,-13.43,622,622
10000,13.21,-13.21,678,678
10100,11.23,-11.23,748,748
10200,9.28,-9.28,760,760
10300,5.50,-5.50,825,825
10400,0.99,0.99,849,849
10500,1.38,-1.38,774,774
10600,3.60,-3.60,630,630
10700,3.67,-3.67,710,710
10800,7.02,-7.02,629,629
10900,10.95,-10.95,620,620
11000,13.74,-13.74,620,620
11100,16.96,-16.96,620,620
11200,16.66,-16.66,671,671
11300,15.58,-15.58,704,704
11400,12.95,-12.95,763,763
11500,9.44,-9.44,811,811
11600,6.82,-6.82,804,804
11700,5.59,-5.59,752,752
11800,5.88,-5.88,684,684
11900,7.16,-7.16,633,633
12000,8.04,-8.04,644,644
12100,8.98,-8.98,653,653
12200,9.78,-9.78,653,653
12300,9.87,-9.87,676,676
12400,9.50,-9.50,697,697
12500,8.03,-8.03,739,739
12600,6.31,-6.31,751,751
12700,5.08,-5.08,739,739
12800,4.74,-4.74,718,718
12900,5.21,-5.21,675,675
13000,5.65,-5.65,675,675
13100,5.82,-5.82,683,683
13200,6.00,-6.00,681,681
13300,6.43,-6.43,673,673
13400,6.40,-6.40,694,694
13500,6.24,-6.24,696,696
13600,5.84,-5.84,702,702
13700,5.06,-5.06,719,719
13800,4.10,-4.10,725,725
13900,4.36,-4.36,693,693
14000,3.62,-3.62,723,723
14100,3.06,-3.06,719,719
14200,3.38,-3.38,686,686
14300,4.11,-4.11,671,671
14400,4.62,-4.62,671,671
14500,5.43,-5.43,661,661
14600,5.66,-5.66,681,681
14700,6.15,-6.15,673,673
14800,5.96,-5.96,694,694
14900,4.95,-4.95,728,728
15000,4.07,-4.07,732,732
15100,2.92,-2.92,742,742
15200,1.88,-1.88,739,739
15300,2.18,-2.18,698,698
15400,3.19,-3.19,663,663
15500,3.80,-3.80,672,672
15600,4.41,-4.41,670,670
15700,5.13,-5.13,668,668
15800,6.13,-6.13,654,654
15900,6.02,-6.02,693,693
16000,5.44,-5.44,714,714
16100,4.44,-4.44,731,731
16200,3.45,-3.45,750,750
16300,2.86,-2.86,729,729
16400,2.80,-2.80,705,705
16500,3.10,-3.10,692,692
16600,2.87,-2.87,707,707
16700,3.73,-3.73,655,655
16800,4.04,-4.04,690,690
16900,4.03,-4.03,701,701
17000,4.94,-4.94,660,660
17100,5.56,-5.56,667,667
17200,4.46,-4.46,732,732
17300,4.01,-4.01,717,717
17400,3.60,-3.60,706,706
17500,2.70,-2.70,721,721
17600,2.88,-2.88,689,689
17700,2.88,-2.88,697,697
17800,2.70,-2.70,707,707
17900,3.58,-3.58,663,663
18000,4.94,-4.94,639,639
18100,5.63,-5.63,661,661
18200,5.79,-5.79,689,689
18300,5.24,-5.24,716,716
18400,3.92,-3.92,745,745
18500,3.68,-3.68,710,710
18600,3.93,-3.93,695,695
18700,2.99,-2.99,735,735
18800,3.20,-3.20,697,697
18900,3.41,-3.41,688,688
19000,3.35,-3.35,705,705
19100,3.03,-3.03,708,708
19200,3.69,-3.69,672,672
19300,3.82,-3.82,688,688
19400,4.09,-4.09,686,686
19500,4.26,-4.26,691,691
19600,4.12,-4.12,699,699
19700,3.90,-3.90,707,707
19800,4.17,-4.17,688,688
19900,3.94,-3.94,702,702
20000,3.69,-3.69,709,709
20100,3.64,-3.64,701,701
20200,3.72,-3.72,694,694
20300,3.33,-3.33,710,710
20400,3.53,-3.53,685,685
20500,3.71,-3.71,685,685
20600,3.89,-3.89,688,688
20700,4.13,-4.13,682,682
20800,3.85,-3.85,703,703
20900,3.81,-3.81,697,697
21000,3.60,-3.60,702,702
21100,3.78,-3.78,690,690
21200,3.89,-3.89,687,687
21300,3.92,-3.92,692,692
21400,3.47,-3.47,708,708
21500,3.37,-3.37,702,702
21600,3.43,-3.43,692,692
21700,3.48,-3.48,698,698
21800,3.68,-3.68,696,696
21900,3.62,-3.62,701,701
22000,3.53,-3.53,703,703
22100,3.84,-3.84,687,687
22200,3.71,-3.71,696,696
22300,3.83,-3.83,691,691
22400,3.47,-3.47,709,709
22500,3.65,-3.65,688,688
22600,3.21,-3.21,707,707
22700,3.25,-3.25,691,691
22800,3.49,-3.49,678,678
22900,3.78,-3.78,678,678
23000,3.90,-3.90,686,686
23100,3.32,-3.32,717,717
23200,3.45,-3.45,695,695
23300,2.98,-2.98,710,710
23400,2.86,-2.86,701,701
23500,3.50,-3.50,674,674
23600,3.66,-3.66,690,690
23700,4.09,-4.09,682,682
23800,3.73,-3.73,704,704
23900,3.08,-3.08,724,724
24000,3.21,-3.21,705,705
24100,3.30,-3.30,694,694
24200,3.03,-3.03,699,699
24300,2.88,-2.88,694,694
24400,3.52,-3.52,672,672
24500,3.90,-3.90,684,684
24600,4.03,-4.03,689,689
24700,4.39,-4.39,680,680
24800,4.37,-4.37,698,698
24900,3.88,-3.88,715,715
25000,3.00,-3.00,730,730
25100,2.70,-2.70,714,714
25200,2.69,-2.69,702,702
25300,2.54,-2.54,701,701
25400,1.63,-1.63,736,736
25500,2.37,-2.37,672,672
25600,3.73,-3.73,642,642
25700,4.31,-4.31,670,670
25800,4.91,-4.91,666,666
25900,5.34,-5.34,672,672
26000,5.86,-5.86,673,673
26100,5.43,-5.43,702,702
26200,4.48,-4.48,731,731
26300,3.38,-3.38,744,744
26400,2.24,-2.24,740,740
26500,1.68,-1.68,725,725
26600,1.64,-1.64,709,709
26700,1.73,-1.73,698,698
26800,2.79,-2.79,658,658
26900,4.67,-4.67,623,623
27000,5.61,-5.61,645,645
27100,6.58,-6.58,650,650
27200,7.08,-7.08,662,662
27300,6.24,-6.24,714,714
27400,4.99,-4.99,738,738
27500,4.21,-4.21,726,726
27600,3.26,-3.26,738,738
27700,2.23,-2.23,749,749
27800,1.50,-1.50,731,731
27900,1.73,-1.73,699,699
28000,1.92,-1.92,695,695
28100,3.40,-3.40,638,638
28200,4.86,-4.86,634,634
28300,6.04,-6.04,640,640
28400,6.55,-6.55,676,676
28500,6.85,-6.85,677,677
28600,6.27,-6.27,712,712
28700,4.84,-4.84,750,750
28800,3.79,-3.79,733,733
28900,3.79,-3.79,710,710
29000,3.20,-3.20,709,709
29100,2.27,-2.27,731,731
29200,2.27,-2.27,706,706
29300,2.43,-2.43,688,688
29400,3.76,-3.76,644,644
29500,4.67,-4.67,651,651
29600,5.77,-5.77,648,648
29700,5.90,-5.90,682,682
29800,5.52,-5.52,703,703
29900,4.99,-4.99,712,712
30000,4.49,-4.49,714,714
30100,3.01,-3.01,747,747
30200,0.98,0.98,775,775
30300,1.06,-1.06,716,716
30400,2.31,-2.31,658,658
30500,3.87,-3.87,635,635
30600,5.03,-5.03,647,647
30700,6.08,-6.08,656,656
30800,7.22,-7.22,638,638
30900,7.57,-7.57,678,678
31000,6.41,-6.41,733,733
31100,5.38,-5.38,739,739
31200,3.83,-3.83,754,754
31300,2.62,-2.62,746,746
31400,1.31,-1.31,748,748
31500,0.55,0.55,732,732
31600,1.38,-1.38,683,683
31700,2.50,-2.50,658,658
31800,2.50,-2.50,693,693
31900,5.26,-5.26,620,620
32000,6.50,-6.50,641,641
32100,8.19,-8.19,626,626
32200,8.29,-8.29,674,674
32300,7.00,-7.00,732,732
32400,4.44,-4.44,796,796
32500,2.10,-2.10,794,794
32600,-3.56,3.56,847,847
32700,-6.85,6.85,834,834
32800,-8.48,8.48,785,785
32900,-9.68,9.68,761,761
33000,-5.93,5.93,634,634
33100,-5.04,5.04,684,684
33200,-1.07,1.07,653,653
33300,7.95,-7.95,620,620
33400,13.49,-13.49,620,620
33500,18.38,-18.38,620,620
33600,21.16,-21.16,620,620
33700,25.45,-25.45,620,620
33800,25.34,-25.34,629,629
33900,23.68,-23.68,713,713
34000,20.62,-20.62,769,769
34100,15.34,-15.34,846,846
34200,8.27,-8.27,849,849
34300,4.75,-4.75,828,828
34400,3.13,-3.13,790,790
34500,6.23,-6.23,624,624
34600,13.00,-13.00,620,620
34700,16.66,-16.66,620,620
34800,18.80,-18.80,620,620
34900,20.53,-20.53,620,620
35000,21.10,-21.10,637,637
35100,21.12,-21.12,658,658
35200,19.10,-19.10,734,734
35300,15.69,-15.69,793,793
35400,10.18,-10.18,849,849
35500,8.28,-8.28,805,805
35600,7.56,-7.56,718,718
35700,6.70,-6.70,713,713
35800,7.72,-7.72,667,667
35900,9.54,-9.54,622,622
36000,11.08,-11.08,623,623
36100,12.25,-12.25,626,626
36200,13.03,-13.03,637,637
36300,11.87,-11.87,716,716
36400,10.51,-10.51,729,729
36500,8.55,-8.55,755,755
36600,6.36,-6.36,767,767
36700,4.93,-4.93,763,763
36800,2.85,-2.85,785,785
36900,0.62,0.62,792,792
37000,0.78,0.78,760,760
37100,1.30,-1.30,643,643
37200,5.25,-5.25,620,620
37300,10.20,-10.20,620,620
37400,13.40,-13.40,620,620
37500,14.91,-14.91,620,620
37600,16.87,-16.87,620,620
37700,16.31,-16.31,659,659
37800,13.63,-13.63,760,760
37900,11.00,-11.00,785,785
38000,7.42,-7.42,824,824
38100,3.82,-3.82,841,841
38200,1.93,-1.93,789,789
38300,3.30,-3.30,665,665
38400,10.00,-10.00,621,621
38500,12.61,-12.61,620,620
38600,14.72,-14.72,620,620
38700,16.39,-16.39,620,620
38800,16.27,-16.27,663,663
38900,16.91,-16.91,632,632
39000,15.77,-15.77,706,706
39100,12.81,-12.81,776,776
39200,9.27,-9.27,810,810
39300,7.27,-7.27,759,759
39400,4.17,-4.17,819,819
39500,3.60,-3.60,736,736
39600,4.08,-4.08,676,676
39700,5.14,-5.14,657,657
39800,7.73,-7.73,620,620
39900,10.95,-10.95,620,620
40000,12.98,-12.98,620,620
40100,14.60,-14.60,620,620
40200,16.29,-16.29,628,628
40300,14.42,-14.42,721,721
40400,11.18,-11.18,799,799
40500,8.08,-8.08,801,801
40600,5.68,-5.68,769,769
40700,4.08,-4.08,751,751
40800,3.05,-3.05,732,732
40900,4.45,-4.45,644,644
41000,5.94,-5.94,630,630
41100,8.21,-8.21,621,621
41200,10.59,-10.59,620,620
41300,12.38,-12.38,620,620
41400,13.03,-13.03,634,634
41500,9.62,-9.62,778,778
41600,7.83,-7.83,751,751
41700,5.89,-5.89,767,767
41800,4.19,-4.19,757,757
41900,3.20,-3.20,743,743
42000,3.35,-3.35,697,697
42100,3.72,-3.72,672,672
42200,5.20,-5.20,634,634
42300,6.34,-6.34,632,632
42400,7.36,-7.36,647,647
42500,8.12,-8.12,649,649
42600,8.19,-8.19,672,672
42700,7.46,-7.46,705,705
42800,5.49,-5.49,759,759
42900,3.80,-3.80,758,758
43000,1.89,-1.89,764,764
43100,0.53,0.53,760,760
43200,0.04,0.04,722,722
43300,0.82,0.82,672,672
43400,2.82,-2.82,623,623
43500,5.09,-5.09,620,620
43600,7.40,-7.40,620,620
43700,8.97,-8.97,620,620
43800,8.90,-8.90,671,671
43900,5.70,-5.70,785,785
44000,4.15,-4.15,751,751
44100,2.84,-2.84,751,751
44200,2.33,-2.33,718,718
44300,2.42,-2.42,694,694
44400,2.88,-2.88,676,676
44500,4.14,-4.14,645,645
44600,4.81,-4.81,658,658
44700,5.67,-5.67,653,653
44800,6.16,-6.16,662,662
44900,5.47,-5.47,707,707
45000,5.18,-5.18,700,700
45100,4.10,-4.10,731,731
45200,2.70,-2.70,748,748
45300,1.95,-1.95,726,726
45400,1.45,-1.45,712,712
45500,1.47,-1.47,698,698
45600,1.97,-1.97,675,675
45700,2.81,-2.81,667,667
45800,3.82,-3.82,651,651
45900,4.78,-4.78,658,658
46000,5.16,-5.16,671,671
46100,5.21,-5.21,690,690
46200,5.05,-5.05,690,690
46300,4.21,-4.21,720,720
46400,3.21,-3.21,730,730
46500,1.74,-1.74,749,749
46600,0.50,0.50,746,746
46700,0.61,0.61,703,703
46800,1.18,-1.18,680,680
46900,1.59,-1.59,684,684
47000,2.81,-2.81,653,653
47100,3.91,-3.91,649,649
47200,5.01,-5.01,650,650
47300,5.48,-5.48,669,669
47400,4.94,-4.94,702,702
47500,4.31,-4.31,712,712
47600,3.23,-3.23,733,733
47700,2.06,-2.06,748,748
47800,0.77,0.77,739,739
47900,0.65,0.65,703,703
48000,1.07,-1.07,684,684
48100,1.76,-1.76,673,673
48200,2.59,-2.59,672,672
48300,3.40,-3.40,663,663
48400,4.05,-4.05,663,663
48500,4.20,-4.20,685,685
48600,4.47,-4.47,676,676
48700,4.07,-4.07,704,704
48800,2.98,-2.98,727,727
48900,2.25,-2.25,724,724
49000,1.33,-1.33,724,724
49100,0.97,0.97,708,708
49200,1.02,-1.02,700,700
49300,1.40,-1.40,687,687
49400,1.67,-1.67,684,684
49500,2.75,-2.75,655,655
49600,4.01,-4.01,650,650
49700,4.32,-4.32,674,674
49800,4.42,-4.42,683,683
49900,4.04,-4.04,702,702
50000,3.18,-3.18,725,725
50100,2.81,-2.81,709,709
50200,1.84,-1.84,723,723
50300,1.26,-1.26,721,721
50400,1.31,-1.31,695,695
50500,1.21,-1.21,693,693
50600,2.17,-2.17,658,658
50700,2.86,-2.86,664,664
50800,3.23,-3.23,681,681
50900,3.44,-3.44,684,684
51000,3.63,-3.63,686,686
51100,3.49,-3.49,700,700
51200,2.84,-2.84,720,720
51300,2.25,-2.25,719,719
51400,1.68,-1.68,724,724
51500,1.21,-1.21,712,712
51600,1.80,-1.80,681,681
51700,0.89,0.89,725,725
51800,1.96,-1.96,661,661
51900,2.59,-2.59,659,659
52000,3.34,-3.34,661,661
52100,3.48,-3.48,680,680
52200,3.97,-3.97,679,679
52300,3.49,-3.49,704,704
52400,3.12,-3.12,709,709
52500,3.32,-3.32,690,690
52600,2.31,-2.31,729,729
52700,2.04,-2.04,709,709
52800,2.62,-2.62,676,676
52900,2.24,-2.24,710,710
53000,2.19,-2.19,704,704
53100,1.90,-1.90,704,704
53200,1.45,-1.45,718,718
53300,1.73,-1.73,679,679
53400,2.13,-2.13,675,675
53500,3.16,-3.16,665,665
53600,3.61,-3.61,675,675
53700,3.52,-3.52,691,691
53800,3.68,-3.68,687,687
53900,3.63,-3.63,688,688
54000,3.16,-3.16,707,707
54100,2.73,-2.73,708,708
54200,2.42,-2.42,707,707
54300,1.97,-1.97,719,719
54400,1.98,-1.98,693,693
54500,2.91,-2.91,661,661
54600,3.44,-3.44,666,666
54700,3.29,-3.29,693,693
54800,3.21,-3.21,691,691
54900,2.76,-2.76,708,708
55000,2.95,-2.95,691,691
55100,2.70,-2.70,701,701
55200,2.42,-2.42,704,704
55300,2.51,-2.51,696,696
55400,2.57,-2.57,693,693
55500,2.43,-2.43,700,700
55600,2.98,-2.98,677,677
55700,3.27,-3.27,678,678
55800,3.66,-3.66,676,676
55900,3.52,-3.52,701,701
56000,2.73,-2.73,725,725
56100,1.34,-1.34,742,742
56200,0.03,0.03,741,741
56300,0.73,0.73,696,696
56400,2.73,-2.73,624,624
56500,4.26,-4.26,623,623
56600,5.42,-5.42,633,633
56700,4.75,-4.75,710,710
56800,4.08,-4.08,712,712
56900,3.36,-3.36,722,722
57000,2.77,-2.77,714,714
57100,1.80,-1.80,723,723
57200,1.63,-1.63,691,691
57300,1.72,-1.72,699,699
57400,3.26,-3.26,645,645
57500,3.74,-3.74,663,663
57600,3.48,-3.48,705,705
57700,3.33,-3.33,697,697
57800,2.98,-2.98,707,707
57900,2.51,-2.51,714,714
58000,2.78,-2.78,694,694
58100,2.91,-2.91,684,684
58200,2.95,-2.95,697,697
58300,3.22,-3.22,687,687
58400,3.84,-3.84,670,670
58500,3.56,-3.56,708,708
58600,3.13,-3.13,716,716
58700,3.42,-3.42,690,690
58800,2.76,-2.76,717,717
58900,2.50,-2.50,708,708
59000,1.68,-1.68,727,727
59100,2.78,-2.78,657,657
59200,3.30,-3.30,680,680
59300,3.58,-3.58,680,680
59400,3.56,-3.56,691,691
59500,3.42,-3.42,692,692
59600,2.94,-2.94,709,709
59700,2.48,-2.48,715,715
59800,2.52,-2.52,693,693
59900,2.67,-2.67,682,682
60000,2.87,-2.87,684,684
60100,2.63,-2.63,702,702
60200,2.75,-2.75,687,687
60300,3.12,-3.12,679,679
60400,3.82,-3.82,661,661
60500,3.65,-3.65,691,691
60600,3.26,-3.26,710,710
60700,2.85,-2.85,714,714
60800,2.64,-2.64,708,708
60900,2.37,-2.37,702,702
61000,1.96,-1.96,704,704
61100,2.81,-2.81,667,667
61200,2.47,-2.47,704,704
61300,2.59,-2.59,694,694
61400,2.21,-2.21,709,709
61500,2.44,-2.44,689,689
61600,2.59,-2.59,684,684
61700,3.23,-3.23,669,669
61800,3.66,-3.66,667,667
61900,3.82,-3.82,688,688
62000,3.96,-3.96,686,686
62100,3.25,-3.25,715,715
62200,2.87,-2.87,707,707
62300,2.38,-2.38,717,717
62400,1.93,-1.93,718,718
62500,2.72,-2.72,670,670
62600,2.16,-2.16,711,711
62700,2.52,-2.52,678,678
62800,2.85,-2.85,676,676
62900,2.90,-2.90,685,685
63000,3.27,-3.27,679,679
63100,3.64,-3.64,680,680
63200,3.62,-3.62,695,695
63300,3.43,-3.43,696,696
63400,3.49,-3.49,694,694
63500,2.51,-2.51,728,728
63600,2.17,-2.17,711,711
63700,2.10,-2.10,688,688
63800,3.02,-3.02,667,667
63900,3.43,-3.43,672,672
64000,2.92,-2.92,709,709
64100,3.34,-3.34,679,679
64200,3.30,-3.30,692,692
64300,3.04,-3.04,704,704
64400,3.41,-3.41,681,681
64500,3.47,-3.47,688,688
64600,3.11,-3.11,702,702
64700,2.87,-2.87,700,700
64800,2.65,-2.65,700,700
64900,2.13,-2.13,712,712
65000,2.08,-2.08,708,708
65100,1.66,-1.66,712,712
65200,1.99,-1.99,677,677
65300,2.61,-2.61,665,665
65400,3.18,-3.18,666,666
65500,3.97,-3.97,663,663
65600,4.00,-4.00,688,688
65700,3.90,-3.90,695,695
65800,3.77,-3.77,700,700
65900,3.46,-3.46,701,701
66000,2.86,-2.86,712,712
66100,2.72,-2.72,706,706
66200,1.96,-1.96,719,719
66300,0.63,0.63,751,751
66400,0.83,0.83,685,685
66500,1.69,-1.69,664,664
66600,2.01,-2.01,690,690
66700,2.92,-2.92,659,659
66800,4.44,-4.44,630,630
66900,4.86,-4.86,660,660
67000,5.49,-5.49,661,661
67100,4.66,-4.66,712,712
67200,3.74,-3.74,727,727
67300,3.27,-3.27,714,714
67400,2.67,-2.67,717,717
67500,3.16,-3.16,679,679
67600,3.08,-3.08,694,694
67700,2.33,-2.33,727,727
67800,2.55,-2.55,688,688
67900,2.86,-2.86,686,686
68000,2.84,-2.84,689,689
68100,3.05,-3.05,682,682
68200,2.97,-2.97,694,694

!!! EMERGENCY STOP !!!
